{
 "cells": [
  {
   "cell_type": "code",
   "execution_count": 2,
   "metadata": {
    "collapsed": false
   },
   "outputs": [],
   "source": [
    "from sklearn import datasets\n",
    "from sklearn.neural_network import MLPClassifier\n",
    "\n",
    "iris = datasets.load_iris()\n",
    "m = MLPClassifier()\n",
    "\n"
   ]
  },
  {
   "cell_type": "code",
   "execution_count": 3,
   "metadata": {
    "collapsed": false,
    "scrolled": true
   },
   "outputs": [
    {
     "name": "stderr",
     "output_type": "stream",
     "text": [
      "/home/harish/anaconda3/lib/python3.5/site-packages/sklearn/neural_network/multilayer_perceptron.py:563: ConvergenceWarning: Stochastic Optimizer: Maximum iterations reached and the optimization hasn't converged yet.\n",
      "  % (), ConvergenceWarning)\n"
     ]
    },
    {
     "data": {
      "text/plain": [
       "MLPClassifier(activation='relu', alpha=0.0001, batch_size='auto', beta_1=0.9,\n",
       "       beta_2=0.999, early_stopping=False, epsilon=1e-08,\n",
       "       hidden_layer_sizes=(100,), learning_rate='constant',\n",
       "       learning_rate_init=0.001, max_iter=200, momentum=0.9,\n",
       "       nesterovs_momentum=True, power_t=0.5, random_state=None,\n",
       "       shuffle=True, solver='adam', tol=0.0001, validation_fraction=0.1,\n",
       "       verbose=False, warm_start=False)"
      ]
     },
     "execution_count": 3,
     "metadata": {},
     "output_type": "execute_result"
    }
   ],
   "source": [
    "m.fit(iris.data,iris.target)"
   ]
  },
  {
   "cell_type": "code",
   "execution_count": 4,
   "metadata": {
    "collapsed": false
   },
   "outputs": [
    {
     "data": {
      "text/plain": [
       "{'activation': 'relu',\n",
       " 'alpha': 0.0001,\n",
       " 'batch_size': 'auto',\n",
       " 'beta_1': 0.9,\n",
       " 'beta_2': 0.999,\n",
       " 'early_stopping': False,\n",
       " 'epsilon': 1e-08,\n",
       " 'hidden_layer_sizes': (100,),\n",
       " 'learning_rate': 'constant',\n",
       " 'learning_rate_init': 0.001,\n",
       " 'max_iter': 200,\n",
       " 'momentum': 0.9,\n",
       " 'nesterovs_momentum': True,\n",
       " 'power_t': 0.5,\n",
       " 'random_state': None,\n",
       " 'shuffle': True,\n",
       " 'solver': 'adam',\n",
       " 'tol': 0.0001,\n",
       " 'validation_fraction': 0.1,\n",
       " 'verbose': False,\n",
       " 'warm_start': False}"
      ]
     },
     "execution_count": 4,
     "metadata": {},
     "output_type": "execute_result"
    }
   ],
   "source": [
    "m.get_params()"
   ]
  },
  {
   "cell_type": "code",
   "execution_count": 5,
   "metadata": {
    "collapsed": false
   },
   "outputs": [
    {
     "data": {
      "text/plain": [
       "array([0, 0, 0, 0, 0, 0, 0, 0, 0, 0, 0, 0, 0, 0, 0, 0, 0, 0, 0, 0, 0, 0, 0,\n",
       "       0, 0, 0, 0, 0, 0, 0, 0, 0, 0, 0, 0, 0, 0, 0, 0, 0, 0, 0, 0, 0, 0, 0,\n",
       "       0, 0, 0, 0, 1, 1, 1, 1, 1, 1, 1, 1, 1, 1, 1, 1, 1, 1, 1, 1, 1, 1, 1,\n",
       "       1, 2, 1, 1, 1, 1, 1, 1, 1, 1, 1, 1, 1, 1, 2, 2, 1, 1, 1, 1, 1, 1, 1,\n",
       "       1, 1, 1, 1, 1, 1, 1, 1, 2, 2, 2, 2, 2, 2, 2, 2, 2, 2, 2, 2, 2, 2, 2,\n",
       "       2, 2, 2, 2, 2, 2, 2, 2, 2, 2, 2, 2, 2, 2, 2, 2, 2, 2, 2, 2, 2, 2, 2,\n",
       "       2, 2, 2, 2, 2, 2, 2, 2, 2, 2, 2, 2])"
      ]
     },
     "execution_count": 5,
     "metadata": {},
     "output_type": "execute_result"
    }
   ],
   "source": [
    "m.predict(iris.data)"
   ]
  },
  {
   "cell_type": "code",
   "execution_count": 6,
   "metadata": {
    "collapsed": false
   },
   "outputs": [
    {
     "data": {
      "text/plain": [
       "array([[ -0.02883832,  -3.56715181,  -8.56689053],\n",
       "       [ -0.0641541 ,  -2.78730302,  -7.50115062],\n",
       "       [ -0.03823747,  -3.29217586,  -7.97845623],\n",
       "       [ -0.0603259 ,  -2.84901947,  -7.35205456],\n",
       "       [ -0.02510171,  -3.70451656,  -8.63841708],\n",
       "       [ -0.03011225,  -3.52441577,  -8.54571701],\n",
       "       [ -0.03616575,  -3.34847904,  -7.87053626],\n",
       "       [ -0.03885083,  -3.27507024,  -8.1401337 ],\n",
       "       [ -0.06986871,  -2.70865505,  -7.06160514],\n",
       "       [ -0.05690614,  -2.90291585,  -7.69686655],\n",
       "       [ -0.0251151 ,  -3.70220218,  -8.9236512 ],\n",
       "       [ -0.04455055,  -3.1426535 ,  -7.81249447],\n",
       "       [ -0.0569746 ,  -2.90224621,  -7.63720899],\n",
       "       [ -0.0360068 ,  -3.35323742,  -7.83583805],\n",
       "       [ -0.01108995,  -4.51072371, -10.17315148],\n",
       "       [ -0.01119753,  -4.50212277,  -9.91088289],\n",
       "       [ -0.01665664,  -4.10883508,  -9.29610019],\n",
       "       [ -0.03162511,  -3.47680878,  -8.40213268],\n",
       "       [ -0.03322724,  -3.42593496,  -8.72532402],\n",
       "       [ -0.02366166,  -3.7629105 ,  -8.69248032],\n",
       "       [ -0.05581063,  -2.91989361,  -7.97963356],\n",
       "       [ -0.02959852,  -3.54264427,  -8.3858867 ],\n",
       "       [ -0.01555362,  -4.17960988,  -8.95717899],\n",
       "       [ -0.08700799,  -2.49585993,  -7.00791743],\n",
       "       [ -0.07034245,  -2.70048449,  -7.19215745],\n",
       "       [ -0.08772865,  -2.48609175,  -7.18752026],\n",
       "       [ -0.05584325,  -2.92257765,  -7.5659275 ],\n",
       "       [ -0.03379888,  -3.41066924,  -8.44496161],\n",
       "       [ -0.03439368,  -3.3934709 ,  -8.43532498],\n",
       "       [ -0.06056533,  -2.84462561,  -7.39928964],\n",
       "       [ -0.07216247,  -2.67470281,  -7.27453474],\n",
       "       [ -0.05066659,  -3.01465553,  -7.98154137],\n",
       "       [ -0.01396162,  -4.28399196,  -9.47040769],\n",
       "       [ -0.01123025,  -4.49923402,  -9.9051732 ],\n",
       "       [ -0.05690614,  -2.90291585,  -7.69686655],\n",
       "       [ -0.0346763 ,  -3.38625569,  -8.30676099],\n",
       "       [ -0.02647757,  -3.64962908,  -8.95309344],\n",
       "       [ -0.05690614,  -2.90291585,  -7.69686655],\n",
       "       [ -0.05093507,  -3.01449616,  -7.4369682 ],\n",
       "       [ -0.03932306,  -3.26268378,  -8.20080668],\n",
       "       [ -0.0270535 ,  -3.63091348,  -8.52294087],\n",
       "       [ -0.18091388,  -1.81434881,  -5.97213464],\n",
       "       [ -0.03856534,  -3.28625366,  -7.73446356],\n",
       "       [ -0.05904321,  -2.87058374,  -7.3110414 ],\n",
       "       [ -0.04714083,  -3.0879709 ,  -7.70054132],\n",
       "       [ -0.06963838,  -2.70939565,  -7.27604242],\n",
       "       [ -0.02519085,  -3.70082853,  -8.66131393],\n",
       "       [ -0.04411625,  -3.15323105,  -7.7210659 ],\n",
       "       [ -0.02505588,  -3.70496186,  -8.84964496],\n",
       "       [ -0.0393337 ,  -3.2628408 ,  -8.14329451],\n",
       "       [ -3.89614314,  -0.14895851,  -2.13643522],\n",
       "       [ -3.6073162 ,  -0.26049873,  -1.59845682],\n",
       "       [ -4.29538358,  -0.26720986,  -1.51024321],\n",
       "       [ -3.85891987,  -0.35058126,  -1.29232825],\n",
       "       [ -4.26928745,  -0.31278358,  -1.36806133],\n",
       "       [ -3.83881421,  -0.43672426,  -1.10162286],\n",
       "       [ -3.81190877,  -0.42085405,  -1.13504348],\n",
       "       [ -2.44770379,  -0.22080003,  -2.19255627],\n",
       "       [ -3.98390153,  -0.18713141,  -1.88353027],\n",
       "       [ -3.27231744,  -0.42731559,  -1.17175129],\n",
       "       [ -3.28543228,  -0.22272418,  -1.81867838],\n",
       "       [ -3.42416513,  -0.32475629,  -1.40764029],\n",
       "       [ -3.74159163,  -0.14769689,  -2.17515005],\n",
       "       [ -4.10591251,  -0.42973421,  -1.10008436],\n",
       "       [ -2.48032621,  -0.21925415,  -2.17889504],\n",
       "       [ -3.58840895,  -0.15173359,  -2.17912425],\n",
       "       [ -3.8312154 ,  -0.61606605,  -0.82496142],\n",
       "       [ -3.23506587,  -0.16266301,  -2.20034584],\n",
       "       [ -4.92112946,  -0.49150927,  -0.96493849],\n",
       "       [ -3.33195349,  -0.18830301,  -1.9957397 ],\n",
       "       [ -4.46058532,  -0.96772966,  -0.49675879],\n",
       "       [ -3.29531859,  -0.1678943 ,  -2.14131208],\n",
       "       [ -5.07509334,  -0.64381107,  -0.75829859],\n",
       "       [ -4.01444247,  -0.31526445,  -1.376934  ],\n",
       "       [ -3.61005755,  -0.16190871,  -2.10020878],\n",
       "       [ -3.71688294,  -0.16963044,  -2.02712452],\n",
       "       [ -4.45251198,  -0.24728399,  -1.57295246],\n",
       "       [ -4.77398065,  -0.55948375,  -0.86738324],\n",
       "       [ -3.9625039 ,  -0.43832184,  -1.09104172],\n",
       "       [ -2.49524006,  -0.16239265,  -2.69687275],\n",
       "       [ -3.32154382,  -0.19293789,  -1.97062475],\n",
       "       [ -3.08024144,  -0.16440724,  -2.24757258],\n",
       "       [ -3.17401279,  -0.17736578,  -2.11451989],\n",
       "       [ -5.36118021,  -1.1099059 ,  -0.40689413],\n",
       "       [ -3.84932836,  -0.73893213,  -0.69098495],\n",
       "       [ -3.34282189,  -0.43870036,  -1.14009414],\n",
       "       [ -4.03497713,  -0.25343809,  -1.57897601],\n",
       "       [ -4.44519117,  -0.25934972,  -1.52918604],\n",
       "       [ -3.03263028,  -0.29250891,  -1.58268555],\n",
       "       [ -3.60106376,  -0.32382256,  -1.38899104],\n",
       "       [ -3.84573838,  -0.43050679,  -1.11337104],\n",
       "       [ -3.84846159,  -0.36278539,  -1.26247881],\n",
       "       [ -3.44614503,  -0.19570316,  -1.92500197],\n",
       "       [ -2.61104407,  -0.20105861,  -2.21936871],\n",
       "       [ -3.59112924,  -0.34671471,  -1.32641989],\n",
       "       [ -3.07620812,  -0.25595807,  -1.71651259],\n",
       "       [ -3.34022066,  -0.29376555,  -1.51813749],\n",
       "       [ -3.57063834,  -0.19745734,  -1.8901645 ],\n",
       "       [ -1.9727058 ,  -0.24472802,  -2.55101401],\n",
       "       [ -3.35985526,  -0.26943766,  -1.60221   ],\n",
       "       [ -8.24323694,  -3.47186082,  -0.03182324],\n",
       "       [ -6.1089672 ,  -1.8155973 ,  -0.18027987],\n",
       "       [ -7.05350548,  -1.7858743 ,  -0.18454177],\n",
       "       [ -6.32895564,  -1.69637095,  -0.20472864],\n",
       "       [ -7.45315556,  -2.50438695,  -0.08589051],\n",
       "       [ -8.28816717,  -2.25404252,  -0.11118353],\n",
       "       [ -5.19779146,  -1.65961957,  -0.21783279],\n",
       "       [ -7.26303353,  -1.62213565,  -0.220868  ],\n",
       "       [ -7.19642967,  -1.75828761,  -0.19005818],\n",
       "       [ -7.39577402,  -2.43806636,  -0.09205322],\n",
       "       [ -5.18837121,  -1.08792273,  -0.41930553],\n",
       "       [ -6.20822479,  -1.47476444,  -0.26246333],\n",
       "       [ -6.37326424,  -1.55053847,  -0.24059532],\n",
       "       [ -6.52666128,  -2.07923682,  -0.1352351 ],\n",
       "       [ -7.15271928,  -2.7478819 ,  -0.06704421],\n",
       "       [ -6.30404525,  -1.96323046,  -0.15342279],\n",
       "       [ -5.86190425,  -1.32309377,  -0.31355517],\n",
       "       [ -7.33411917,  -2.05479232,  -0.13785194],\n",
       "       [-10.03851229,  -3.21060187,  -0.04121375],\n",
       "       [ -5.75716753,  -1.05348321,  -0.43368098],\n",
       "       [ -6.87816323,  -1.99571515,  -0.14727854],\n",
       "       [ -5.86300989,  -1.88554888,  -0.16793169],\n",
       "       [ -8.52663555,  -2.19023285,  -0.11888355],\n",
       "       [ -5.28225227,  -0.94324394,  -0.50160772],\n",
       "       [ -6.35201214,  -1.77438963,  -0.18793347],\n",
       "       [ -6.22161882,  -1.20059117,  -0.36097307],\n",
       "       [ -4.98376728,  -0.88362498,  -0.5449518 ],\n",
       "       [ -4.88309053,  -0.98745618,  -0.47819176],\n",
       "       [ -7.1574287 ,  -2.2221079 ,  -0.11558984],\n",
       "       [ -5.79704192,  -0.78737264,  -0.61262822],\n",
       "       [ -7.18668825,  -1.48551003,  -0.25766181],\n",
       "       [ -6.1694478 ,  -1.11080222,  -0.40254998],\n",
       "       [ -7.40781527,  -2.42621998,  -0.09318685],\n",
       "       [ -4.95276053,  -0.71821758,  -0.68257231],\n",
       "       [ -6.0302897 ,  -1.33288474,  -0.30941004],\n",
       "       [ -7.61081546,  -1.81054486,  -0.17919851],\n",
       "       [ -6.92636032,  -2.60297086,  -0.07799918],\n",
       "       [ -5.74614529,  -1.37124745,  -0.29703937],\n",
       "       [ -4.7354209 ,  -0.96310389,  -0.49509176],\n",
       "       [ -5.96316375,  -1.28257613,  -0.32835647],\n",
       "       [ -7.19805958,  -2.32546959,  -0.10367923],\n",
       "       [ -5.7955721 ,  -1.24729569,  -0.34294342],\n",
       "       [ -6.1089672 ,  -1.8155973 ,  -0.18027987],\n",
       "       [ -7.38932176,  -2.40533083,  -0.09524898],\n",
       "       [ -7.33251001,  -2.57023524,  -0.08031184],\n",
       "       [ -6.25354332,  -1.61149269,  -0.22503671],\n",
       "       [ -5.97747506,  -1.28614143,  -0.32693614],\n",
       "       [ -5.69381154,  -1.28731227,  -0.32764106],\n",
       "       [ -6.30825804,  -2.22584629,  -0.11630598],\n",
       "       [ -5.33868141,  -1.3902696 ,  -0.29277551]])"
      ]
     },
     "execution_count": 6,
     "metadata": {},
     "output_type": "execute_result"
    }
   ],
   "source": [
    "m.predict_log_proba(iris.data)"
   ]
  },
  {
   "cell_type": "code",
   "execution_count": 9,
   "metadata": {
    "collapsed": false
   },
   "outputs": [
    {
     "data": {
      "text/plain": [
       "array([[  9.71573535e-01,   2.82361612e-02,   1.90303475e-04],\n",
       "       [  9.37860462e-01,   6.15870893e-02,   5.52448347e-04],\n",
       "       [  9.62484354e-01,   3.71728782e-02,   3.42768168e-04],\n",
       "       [  9.41457660e-01,   5.79010666e-02,   6.41273473e-04],\n",
       "       [  9.75210720e-01,   2.46121130e-02,   1.77167122e-04],\n",
       "       [  9.70336605e-01,   2.94690190e-02,   1.94375829e-04],\n",
       "       [  9.64480414e-01,   3.51377567e-02,   3.81829548e-04],\n",
       "       [  9.61894189e-01,   3.78142130e-02,   2.91598210e-04],\n",
       "       [  9.32516244e-01,   6.66263556e-02,   8.57400742e-04],\n",
       "       [  9.44682737e-01,   5.48630144e-02,   4.54248317e-04],\n",
       "       [  9.75197658e-01,   2.46691407e-02,   1.33201013e-04],\n",
       "       [  9.56427253e-01,   4.31680992e-02,   4.04647409e-04],\n",
       "       [  9.44618062e-01,   5.48997653e-02,   4.82172323e-04],\n",
       "       [  9.64633734e-01,   3.49709549e-02,   3.95310887e-04],\n",
       "       [  9.88971315e-01,   1.09905034e-02,   3.81818044e-05],\n",
       "       [  9.88864929e-01,   1.10854398e-02,   4.96315970e-05],\n",
       "       [  9.83481319e-01,   1.64268995e-02,   9.17814650e-05],\n",
       "       [  9.68869730e-01,   3.09058814e-02,   2.24388266e-04],\n",
       "       [  9.67318717e-01,   3.25188629e-02,   1.62420157e-04],\n",
       "       [  9.76616085e-01,   2.32160716e-02,   1.67843204e-04],\n",
       "       [  9.45718209e-01,   5.39394257e-02,   3.42364855e-04],\n",
       "       [  9.70835227e-01,   2.89367092e-02,   2.28063444e-04],\n",
       "       [  9.84566714e-01,   1.53044770e-02,   1.28809113e-04],\n",
       "       [  9.16669769e-01,   8.24255407e-02,   9.04690707e-04],\n",
       "       [  9.32074576e-01,   6.71729605e-02,   7.52463962e-04],\n",
       "       [  9.16009405e-01,   8.32346336e-02,   7.55961384e-04],\n",
       "       [  9.45687359e-01,   5.37948443e-02,   5.17796888e-04],\n",
       "       [  9.66765924e-01,   3.30190952e-02,   2.14980848e-04],\n",
       "       [  9.66191057e-01,   3.35918804e-02,   2.17062553e-04],\n",
       "       [  9.41232277e-01,   5.81560356e-02,   6.11687127e-04],\n",
       "       [  9.30379728e-01,   6.89273100e-02,   6.92962453e-04],\n",
       "       [  9.50595554e-01,   4.90627334e-02,   3.41712310e-04],\n",
       "       [  9.86135387e-01,   1.37875129e-02,   7.70999680e-05],\n",
       "       [  9.88832575e-01,   1.11175091e-02,   4.99157884e-05],\n",
       "       [  9.44682737e-01,   5.48630144e-02,   4.54248317e-04],\n",
       "       [  9.65918029e-01,   3.38351292e-02,   2.46842275e-04],\n",
       "       [  9.73869892e-01,   2.60007713e-02,   1.29336446e-04],\n",
       "       [  9.44682737e-01,   5.48630144e-02,   4.54248317e-04],\n",
       "       [  9.50340379e-01,   4.90705527e-02,   5.89068430e-04],\n",
       "       [  9.61440058e-01,   3.82855101e-02,   2.74432102e-04],\n",
       "       [  9.73309173e-01,   2.64919735e-02,   1.98853761e-04],\n",
       "       [  8.34507224e-01,   1.62943981e-01,   2.54879484e-03],\n",
       "       [  9.62168836e-01,   3.73936767e-02,   4.37487003e-04],\n",
       "       [  9.42666040e-01,   5.66658390e-02,   6.68120910e-04],\n",
       "       [  9.53953042e-01,   4.55943763e-02,   4.52582124e-04],\n",
       "       [  9.32731051e-01,   6.65770307e-02,   6.91918472e-04],\n",
       "       [  9.75123793e-01,   2.47030507e-02,   1.73156641e-04],\n",
       "       [  9.56842719e-01,   4.27138928e-02,   4.43387746e-04],\n",
       "       [  9.75255412e-01,   2.46011556e-02,   1.43432652e-04],\n",
       "       [  9.61429823e-01,   3.82794992e-02,   2.90677979e-04],\n",
       "       [  2.03201325e-02,   8.61604863e-01,   1.18075005e-01],\n",
       "       [  2.71245461e-02,   7.70667133e-01,   2.02208321e-01],\n",
       "       [  1.36313420e-02,   7.65512401e-01,   2.20856257e-01],\n",
       "       [  2.10907680e-02,   7.04278602e-01,   2.74630630e-01],\n",
       "       [  1.39917494e-02,   7.31408184e-01,   2.54600067e-01],\n",
       "       [  2.15191034e-02,   6.46149579e-01,   3.32331318e-01],\n",
       "       [  2.21059434e-02,   6.56485910e-01,   3.21408147e-01],\n",
       "       [  8.64919628e-02,   8.01877013e-01,   1.11631025e-01],\n",
       "       [  1.86128787e-02,   8.29334750e-01,   1.52052371e-01],\n",
       "       [  3.79184513e-02,   6.52257674e-01,   3.09823875e-01],\n",
       "       [  3.74244039e-02,   8.00335567e-01,   1.62240030e-01],\n",
       "       [  3.25764667e-02,   7.22703463e-01,   2.44720071e-01],\n",
       "       [  2.37163256e-02,   8.62692566e-01,   1.13591109e-01],\n",
       "       [  1.64749785e-02,   6.50682018e-01,   3.32843004e-01],\n",
       "       [  8.37159118e-02,   8.03117582e-01,   1.13166506e-01],\n",
       "       [  2.76422757e-02,   8.59217154e-01,   1.13140571e-01],\n",
       "       [  2.16832458e-02,   5.40064853e-01,   4.38251902e-01],\n",
       "       [  3.93576122e-02,   8.49877543e-01,   1.10764845e-01],\n",
       "       [  7.29089146e-03,   6.11702472e-01,   3.81006636e-01],\n",
       "       [  3.57232519e-02,   8.28363666e-01,   1.35913082e-01],\n",
       "       [  1.15555976e-02,   3.79944663e-01,   6.08499739e-01],\n",
       "       [  3.70562375e-02,   8.45443191e-01,   1.17500571e-01],\n",
       "       [  6.25050296e-03,   5.25286699e-01,   4.68462798e-01],\n",
       "       [  1.80530168e-02,   7.29595907e-01,   2.52351076e-01],\n",
       "       [  2.70502899e-02,   8.50518846e-01,   1.22430864e-01],\n",
       "       [  2.43096245e-02,   8.43976658e-01,   1.31713717e-01],\n",
       "       [  1.16492674e-02,   7.80918889e-01,   2.07431843e-01],\n",
       "       [  8.44668983e-03,   5.71504028e-01,   4.20049282e-01],\n",
       "       [  1.90154420e-02,   6.45118125e-01,   3.35866433e-01],\n",
       "       [  8.24766496e-02,   8.50107340e-01,   6.74160103e-02],\n",
       "       [  3.60970613e-02,   8.24533181e-01,   1.39369758e-01],\n",
       "       [  4.59481618e-02,   8.48396455e-01,   1.05655383e-01],\n",
       "       [  4.18353839e-02,   8.37473395e-01,   1.20691221e-01],\n",
       "       [  4.69536130e-03,   3.29589974e-01,   6.65714664e-01],\n",
       "       [  2.12940336e-02,   4.77623681e-01,   5.01082285e-01],\n",
       "       [  3.53370995e-02,   6.44873984e-01,   3.19788917e-01],\n",
       "       [  1.76860846e-02,   7.76127793e-01,   2.06186122e-01],\n",
       "       [  1.17348624e-02,   7.71553147e-01,   2.16711991e-01],\n",
       "       [  4.81887214e-02,   7.46388595e-01,   2.05422683e-01],\n",
       "       [  2.72946720e-02,   7.23378589e-01,   2.49326739e-01],\n",
       "       [  2.13706162e-02,   6.50179508e-01,   3.28449876e-01],\n",
       "       [  2.13124985e-02,   6.95735727e-01,   2.82951774e-01],\n",
       "       [  3.18682509e-02,   8.22256279e-01,   1.45875470e-01],\n",
       "       [  7.34578083e-02,   8.17864497e-01,   1.08677694e-01],\n",
       "       [  2.75671828e-02,   7.07007000e-01,   2.65425817e-01],\n",
       "       [  4.61338597e-02,   7.74174426e-01,   1.79691715e-01],\n",
       "       [  3.54291392e-02,   7.45451241e-01,   2.19119620e-01],\n",
       "       [  2.81378863e-02,   8.20815154e-01,   1.51046960e-01],\n",
       "       [  1.39080024e-01,   7.82917445e-01,   7.80025305e-02],\n",
       "       [  3.47402869e-02,   7.63808894e-01,   2.01450819e-01],\n",
       "       [  2.63031452e-04,   3.10591812e-02,   9.68677787e-01],\n",
       "       [  2.22284538e-03,   1.62740674e-01,   8.35036481e-01],\n",
       "       [  8.64373598e-04,   1.67650420e-01,   8.31485206e-01],\n",
       "       [  1.78389582e-03,   1.83347696e-01,   8.14868409e-01],\n",
       "       [  5.79609728e-04,   8.17256849e-02,   9.17694705e-01],\n",
       "       [  2.51474951e-04,   1.04974006e-01,   8.94774519e-01],\n",
       "       [  5.52876143e-03,   1.90211328e-01,   8.04259911e-01],\n",
       "       [  7.00978368e-04,   1.97476507e-01,   8.01822515e-01],\n",
       "       [  7.49256131e-04,   1.72339724e-01,   8.26911020e-01],\n",
       "       [  6.13841372e-04,   8.73295519e-02,   9.12056607e-01],\n",
       "       [  5.58108986e-03,   3.36915632e-01,   6.57503278e-01],\n",
       "       [  2.01280745e-03,   2.28832624e-01,   7.69154569e-01],\n",
       "       [  1.70657943e-03,   2.12133716e-01,   7.86159705e-01],\n",
       "       [  1.46388521e-03,   1.25025593e-01,   8.73510522e-01],\n",
       "       [  7.82732712e-04,   6.40634103e-02,   9.35153857e-01],\n",
       "       [  1.82889147e-03,   1.40404117e-01,   8.57766991e-01],\n",
       "       [  2.84581937e-03,   2.66310123e-01,   7.30844057e-01],\n",
       "       [  6.52878720e-04,   1.28119441e-01,   8.71227680e-01],\n",
       "       [  4.36847151e-05,   4.03323312e-02,   9.59623984e-01],\n",
       "       [  3.16004969e-03,   3.48720963e-01,   6.48118987e-01],\n",
       "       [  1.03003425e-03,   1.35916419e-01,   8.63053546e-01],\n",
       "       [  2.84267464e-03,   1.51745746e-01,   8.45411579e-01],\n",
       "       [  1.98120416e-04,   1.11890692e-01,   8.87911188e-01],\n",
       "       [  5.08097416e-03,   3.89362717e-01,   6.05556309e-01],\n",
       "       [  1.74323597e-03,   1.69586928e-01,   8.28669836e-01],\n",
       "       [  1.98602760e-03,   3.01016206e-01,   6.96997766e-01],\n",
       "       [  6.84821479e-03,   4.13282054e-01,   5.79869731e-01],\n",
       "       [  7.57357150e-03,   3.72523117e-01,   6.19903312e-01],\n",
       "       [  7.79055163e-04,   1.08380413e-01,   8.90840532e-01],\n",
       "       [  3.03652376e-03,   4.55038777e-01,   5.41924699e-01],\n",
       "       [  7.56590612e-04,   2.26386847e-01,   7.72856562e-01],\n",
       "       [  2.09239109e-03,   3.29294687e-01,   6.68612922e-01],\n",
       "       [  6.06494276e-04,   8.83702437e-02,   9.11023262e-01],\n",
       "       [  7.06388191e-03,   4.87620626e-01,   5.05315492e-01],\n",
       "       [  2.40479722e-03,   2.63715411e-01,   7.33879791e-01],\n",
       "       [  4.95067984e-04,   1.63564993e-01,   8.35939940e-01],\n",
       "       [  9.81566965e-04,   7.40532491e-02,   9.24965184e-01],\n",
       "       [  3.19507318e-03,   2.53790170e-01,   7.43014757e-01],\n",
       "       [  8.77875311e-03,   3.81706270e-01,   6.09514977e-01],\n",
       "       [  2.57176266e-03,   2.77321961e-01,   7.20106276e-01],\n",
       "       [  7.48035902e-04,   9.77375365e-02,   9.01514428e-01],\n",
       "       [  3.04099017e-03,   2.87280644e-01,   7.09678366e-01],\n",
       "       [  2.22284538e-03,   1.62740674e-01,   8.35036481e-01],\n",
       "       [  6.17814839e-04,   9.02356376e-02,   9.09146548e-01],\n",
       "       [  6.53930153e-04,   7.65175431e-02,   9.22828527e-01],\n",
       "       [  1.92362603e-03,   1.99589467e-01,   7.98486907e-01],\n",
       "       [  2.53521951e-03,   2.76334986e-01,   7.21129794e-01],\n",
       "       [  3.36673602e-03,   2.76011632e-01,   7.20621632e-01],\n",
       "       [  1.82120294e-03,   1.07976001e-01,   8.90202796e-01],\n",
       "       [  4.80219868e-03,   2.49008164e-01,   7.46189637e-01]])"
      ]
     },
     "execution_count": 9,
     "metadata": {},
     "output_type": "execute_result"
    }
   ],
   "source": [
    "m.predict_proba(iris.data)"
   ]
  },
  {
   "cell_type": "code",
   "execution_count": 10,
   "metadata": {
    "collapsed": false
   },
   "outputs": [
    {
     "data": {
      "text/plain": [
       "0.97999999999999998"
      ]
     },
     "execution_count": 10,
     "metadata": {},
     "output_type": "execute_result"
    }
   ],
   "source": [
    "m.score(iris.data,iris.target)"
   ]
  }
 ],
 "metadata": {
  "anaconda-cloud": {},
  "kernelspec": {
   "display_name": "Python [conda root]",
   "language": "python",
   "name": "conda-root-py"
  },
  "language_info": {
   "codemirror_mode": {
    "name": "ipython",
    "version": 3
   },
   "file_extension": ".py",
   "mimetype": "text/x-python",
   "name": "python",
   "nbconvert_exporter": "python",
   "pygments_lexer": "ipython3",
   "version": "3.5.2"
  }
 },
 "nbformat": 4,
 "nbformat_minor": 1
}
