{
 "cells": [
  {
   "cell_type": "code",
   "execution_count": 1,
   "metadata": {
    "collapsed": false
   },
   "outputs": [
    {
     "name": "stdout",
     "output_type": "stream",
     "text": [
      "[0 0 0 0 0 0 0 0 0 0 0 0 0 0 0 0 0 0 0 0 0 0 0 0 0 0 0 0 0 0 0 0 0 0 0 0 0\n",
      " 0 0 0 0 0 0 0 0 0 0 0 0 0 1 1 1 1 1 1 1 1 1 1 1 1 1 1 1 1 1 1 1 1 1 1 1 1\n",
      " 1 1 1 1 1 1 1 1 1 1 1 1 1 1 1 1 1 1 1 1 1 1 1 1 1 1 2 2 2 2 2 2 2 2 2 2 2\n",
      " 2 2 2 2 2 2 2 2 2 2 2 2 2 2 2 2 2 2 2 2 2 2 2 2 2 2 2 2 2 2 2 2 2 2 2 2 2\n",
      " 2 2] ['setosa' 'versicolor' 'virginica'] ['sepal length (cm)', 'sepal width (cm)', 'petal length (cm)', 'petal width (cm)'] Iris Plants Database\n",
      "====================\n",
      "\n",
      "Notes\n",
      "-----\n",
      "Data Set Characteristics:\n",
      "    :Number of Instances: 150 (50 in each of three classes)\n",
      "    :Number of Attributes: 4 numeric, predictive attributes and the class\n",
      "    :Attribute Information:\n",
      "        - sepal length in cm\n",
      "        - sepal width in cm\n",
      "        - petal length in cm\n",
      "        - petal width in cm\n",
      "        - class:\n",
      "                - Iris-Setosa\n",
      "                - Iris-Versicolour\n",
      "                - Iris-Virginica\n",
      "    :Summary Statistics:\n",
      "\n",
      "    ============== ==== ==== ======= ===== ====================\n",
      "                    Min  Max   Mean    SD   Class Correlation\n",
      "    ============== ==== ==== ======= ===== ====================\n",
      "    sepal length:   4.3  7.9   5.84   0.83    0.7826\n",
      "    sepal width:    2.0  4.4   3.05   0.43   -0.4194\n",
      "    petal length:   1.0  6.9   3.76   1.76    0.9490  (high!)\n",
      "    petal width:    0.1  2.5   1.20  0.76     0.9565  (high!)\n",
      "    ============== ==== ==== ======= ===== ====================\n",
      "\n",
      "    :Missing Attribute Values: None\n",
      "    :Class Distribution: 33.3% for each of 3 classes.\n",
      "    :Creator: R.A. Fisher\n",
      "    :Donor: Michael Marshall (MARSHALL%PLU@io.arc.nasa.gov)\n",
      "    :Date: July, 1988\n",
      "\n",
      "This is a copy of UCI ML iris datasets.\n",
      "http://archive.ics.uci.edu/ml/datasets/Iris\n",
      "\n",
      "The famous Iris database, first used by Sir R.A Fisher\n",
      "\n",
      "This is perhaps the best known database to be found in the\n",
      "pattern recognition literature.  Fisher's paper is a classic in the field and\n",
      "is referenced frequently to this day.  (See Duda & Hart, for example.)  The\n",
      "data set contains 3 classes of 50 instances each, where each class refers to a\n",
      "type of iris plant.  One class is linearly separable from the other 2; the\n",
      "latter are NOT linearly separable from each other.\n",
      "\n",
      "References\n",
      "----------\n",
      "   - Fisher,R.A. \"The use of multiple measurements in taxonomic problems\"\n",
      "     Annual Eugenics, 7, Part II, 179-188 (1936); also in \"Contributions to\n",
      "     Mathematical Statistics\" (John Wiley, NY, 1950).\n",
      "   - Duda,R.O., & Hart,P.E. (1973) Pattern Classification and Scene Analysis.\n",
      "     (Q327.D83) John Wiley & Sons.  ISBN 0-471-22361-1.  See page 218.\n",
      "   - Dasarathy, B.V. (1980) \"Nosing Around the Neighborhood: A New System\n",
      "     Structure and Classification Rule for Recognition in Partially Exposed\n",
      "     Environments\".  IEEE Transactions on Pattern Analysis and Machine\n",
      "     Intelligence, Vol. PAMI-2, No. 1, 67-71.\n",
      "   - Gates, G.W. (1972) \"The Reduced Nearest Neighbor Rule\".  IEEE Transactions\n",
      "     on Information Theory, May 1972, 431-433.\n",
      "   - See also: 1988 MLC Proceedings, 54-64.  Cheeseman et al\"s AUTOCLASS II\n",
      "     conceptual clustering system finds 3 classes in the data.\n",
      "   - Many, many more ...\n",
      "\n"
     ]
    }
   ],
   "source": [
    "#importing scikit-learn datasets package and the Logistic Regression package\n",
    "from sklearn import datasets\n",
    "from sklearn.linear_model import LogisticRegression\n",
    "\n",
    "#reading the iris dataset from the datasets package\n",
    "iris = datasets.load_iris()\n",
    "iris.data.shape,iris.target.shape\n",
    "\n",
    "#implementing the methods of Logistic Regression \n",
    "m=LogisticRegression()\n",
    "\n",
    "#printing the labels, feature names and their description\n",
    "print(iris.target,iris.target_names,iris.feature_names,iris.DESCR)"
   ]
  },
  {
   "cell_type": "code",
   "execution_count": 2,
   "metadata": {
    "collapsed": false
   },
   "outputs": [
    {
     "name": "stdout",
     "output_type": "stream",
     "text": [
      "[[ 5.1  3.5  1.4  0.2]\n",
      " [ 4.9  3.   1.4  0.2]\n",
      " [ 4.7  3.2  1.3  0.2]\n",
      " [ 4.6  3.1  1.5  0.2]\n",
      " [ 5.   3.6  1.4  0.2]\n",
      " [ 5.4  3.9  1.7  0.4]\n",
      " [ 4.6  3.4  1.4  0.3]\n",
      " [ 5.   3.4  1.5  0.2]\n",
      " [ 4.4  2.9  1.4  0.2]\n",
      " [ 4.9  3.1  1.5  0.1]\n",
      " [ 5.4  3.7  1.5  0.2]\n",
      " [ 4.8  3.4  1.6  0.2]\n",
      " [ 4.8  3.   1.4  0.1]\n",
      " [ 4.3  3.   1.1  0.1]\n",
      " [ 5.8  4.   1.2  0.2]\n",
      " [ 5.7  4.4  1.5  0.4]\n",
      " [ 5.4  3.9  1.3  0.4]\n",
      " [ 5.1  3.5  1.4  0.3]\n",
      " [ 5.7  3.8  1.7  0.3]\n",
      " [ 5.1  3.8  1.5  0.3]\n",
      " [ 5.4  3.4  1.7  0.2]\n",
      " [ 5.1  3.7  1.5  0.4]\n",
      " [ 4.6  3.6  1.   0.2]\n",
      " [ 5.1  3.3  1.7  0.5]\n",
      " [ 4.8  3.4  1.9  0.2]\n",
      " [ 5.   3.   1.6  0.2]\n",
      " [ 5.   3.4  1.6  0.4]\n",
      " [ 5.2  3.5  1.5  0.2]\n",
      " [ 5.2  3.4  1.4  0.2]\n",
      " [ 4.7  3.2  1.6  0.2]\n",
      " [ 4.8  3.1  1.6  0.2]\n",
      " [ 5.4  3.4  1.5  0.4]\n",
      " [ 5.2  4.1  1.5  0.1]\n",
      " [ 5.5  4.2  1.4  0.2]\n",
      " [ 4.9  3.1  1.5  0.1]\n",
      " [ 5.   3.2  1.2  0.2]\n",
      " [ 5.5  3.5  1.3  0.2]\n",
      " [ 4.9  3.1  1.5  0.1]\n",
      " [ 4.4  3.   1.3  0.2]\n",
      " [ 5.1  3.4  1.5  0.2]\n",
      " [ 5.   3.5  1.3  0.3]\n",
      " [ 4.5  2.3  1.3  0.3]\n",
      " [ 4.4  3.2  1.3  0.2]\n",
      " [ 5.   3.5  1.6  0.6]\n",
      " [ 5.1  3.8  1.9  0.4]\n",
      " [ 4.8  3.   1.4  0.3]\n",
      " [ 5.1  3.8  1.6  0.2]\n",
      " [ 4.6  3.2  1.4  0.2]\n",
      " [ 5.3  3.7  1.5  0.2]\n",
      " [ 5.   3.3  1.4  0.2]\n",
      " [ 7.   3.2  4.7  1.4]\n",
      " [ 6.4  3.2  4.5  1.5]\n",
      " [ 6.9  3.1  4.9  1.5]\n",
      " [ 5.5  2.3  4.   1.3]\n",
      " [ 6.5  2.8  4.6  1.5]\n",
      " [ 5.7  2.8  4.5  1.3]\n",
      " [ 6.3  3.3  4.7  1.6]\n",
      " [ 4.9  2.4  3.3  1. ]\n",
      " [ 6.6  2.9  4.6  1.3]\n",
      " [ 5.2  2.7  3.9  1.4]\n",
      " [ 5.   2.   3.5  1. ]\n",
      " [ 5.9  3.   4.2  1.5]\n",
      " [ 6.   2.2  4.   1. ]\n",
      " [ 6.1  2.9  4.7  1.4]\n",
      " [ 5.6  2.9  3.6  1.3]\n",
      " [ 6.7  3.1  4.4  1.4]\n",
      " [ 5.6  3.   4.5  1.5]\n",
      " [ 5.8  2.7  4.1  1. ]\n",
      " [ 6.2  2.2  4.5  1.5]\n",
      " [ 5.6  2.5  3.9  1.1]\n",
      " [ 5.9  3.2  4.8  1.8]\n",
      " [ 6.1  2.8  4.   1.3]\n",
      " [ 6.3  2.5  4.9  1.5]\n",
      " [ 6.1  2.8  4.7  1.2]\n",
      " [ 6.4  2.9  4.3  1.3]\n",
      " [ 6.6  3.   4.4  1.4]\n",
      " [ 6.8  2.8  4.8  1.4]\n",
      " [ 6.7  3.   5.   1.7]\n",
      " [ 6.   2.9  4.5  1.5]\n",
      " [ 5.7  2.6  3.5  1. ]\n",
      " [ 5.5  2.4  3.8  1.1]\n",
      " [ 5.5  2.4  3.7  1. ]\n",
      " [ 5.8  2.7  3.9  1.2]\n",
      " [ 6.   2.7  5.1  1.6]\n",
      " [ 5.4  3.   4.5  1.5]\n",
      " [ 6.   3.4  4.5  1.6]\n",
      " [ 6.7  3.1  4.7  1.5]\n",
      " [ 6.3  2.3  4.4  1.3]\n",
      " [ 5.6  3.   4.1  1.3]\n",
      " [ 5.5  2.5  4.   1.3]\n",
      " [ 5.5  2.6  4.4  1.2]\n",
      " [ 6.1  3.   4.6  1.4]\n",
      " [ 5.8  2.6  4.   1.2]\n",
      " [ 5.   2.3  3.3  1. ]\n",
      " [ 5.6  2.7  4.2  1.3]\n",
      " [ 5.7  3.   4.2  1.2]\n",
      " [ 5.7  2.9  4.2  1.3]\n",
      " [ 6.2  2.9  4.3  1.3]\n",
      " [ 5.1  2.5  3.   1.1]\n",
      " [ 5.7  2.8  4.1  1.3]\n",
      " [ 6.3  3.3  6.   2.5]\n",
      " [ 5.8  2.7  5.1  1.9]\n",
      " [ 7.1  3.   5.9  2.1]\n",
      " [ 6.3  2.9  5.6  1.8]\n",
      " [ 6.5  3.   5.8  2.2]\n",
      " [ 7.6  3.   6.6  2.1]\n",
      " [ 4.9  2.5  4.5  1.7]\n",
      " [ 7.3  2.9  6.3  1.8]\n",
      " [ 6.7  2.5  5.8  1.8]\n",
      " [ 7.2  3.6  6.1  2.5]\n",
      " [ 6.5  3.2  5.1  2. ]\n",
      " [ 6.4  2.7  5.3  1.9]\n",
      " [ 6.8  3.   5.5  2.1]\n",
      " [ 5.7  2.5  5.   2. ]\n",
      " [ 5.8  2.8  5.1  2.4]\n",
      " [ 6.4  3.2  5.3  2.3]\n",
      " [ 6.5  3.   5.5  1.8]\n",
      " [ 7.7  3.8  6.7  2.2]\n",
      " [ 7.7  2.6  6.9  2.3]\n",
      " [ 6.   2.2  5.   1.5]\n",
      " [ 6.9  3.2  5.7  2.3]\n",
      " [ 5.6  2.8  4.9  2. ]\n",
      " [ 7.7  2.8  6.7  2. ]\n",
      " [ 6.3  2.7  4.9  1.8]\n",
      " [ 6.7  3.3  5.7  2.1]\n",
      " [ 7.2  3.2  6.   1.8]\n",
      " [ 6.2  2.8  4.8  1.8]\n",
      " [ 6.1  3.   4.9  1.8]\n",
      " [ 6.4  2.8  5.6  2.1]\n",
      " [ 7.2  3.   5.8  1.6]\n",
      " [ 7.4  2.8  6.1  1.9]\n",
      " [ 7.9  3.8  6.4  2. ]\n",
      " [ 6.4  2.8  5.6  2.2]\n",
      " [ 6.3  2.8  5.1  1.5]\n",
      " [ 6.1  2.6  5.6  1.4]\n",
      " [ 7.7  3.   6.1  2.3]\n",
      " [ 6.3  3.4  5.6  2.4]\n",
      " [ 6.4  3.1  5.5  1.8]\n",
      " [ 6.   3.   4.8  1.8]\n",
      " [ 6.9  3.1  5.4  2.1]\n",
      " [ 6.7  3.1  5.6  2.4]\n",
      " [ 6.9  3.1  5.1  2.3]\n",
      " [ 5.8  2.7  5.1  1.9]\n",
      " [ 6.8  3.2  5.9  2.3]\n",
      " [ 6.7  3.3  5.7  2.5]\n",
      " [ 6.7  3.   5.2  2.3]\n",
      " [ 6.3  2.5  5.   1.9]\n",
      " [ 6.5  3.   5.2  2. ]\n",
      " [ 6.2  3.4  5.4  2.3]\n",
      " [ 5.9  3.   5.1  1.8]]\n"
     ]
    }
   ],
   "source": [
    "#viewing the dataset\n",
    "print(iris.data)"
   ]
  },
  {
   "cell_type": "code",
   "execution_count": 3,
   "metadata": {
    "collapsed": false
   },
   "outputs": [
    {
     "name": "stdout",
     "output_type": "stream",
     "text": [
      "[0 0 0 0 0 0 0 0 0 0 0 0 0 0 0 0 0 0 0 0 0 0 0 0 0 0 0 0 0 0 0 0 0 0 0 0 0\n",
      " 0 0 0 0 0 0 0 0 0 0 0 0 0 1 1 1 1 1 1 1 1 1 1 1 1 1 1 1 1 1 1 1 1 1 1 1 1\n",
      " 1 1 1 1 1 1 1 1 1 1 1 1 1 1 1 1 1 1 1 1 1 1 1 1 1 1 2 2 2 2 2 2 2 2 2 2 2\n",
      " 2 2 2 2 2 2 2 2 2 2 2 2 2 2 2 2 2 2 2 2 2 2 2 2 2 2 2 2 2 2 2 2 2 2 2 2 2\n",
      " 2 2]\n"
     ]
    }
   ],
   "source": [
    "#viewing the dataset\n",
    "print(iris.target)"
   ]
  },
  {
   "cell_type": "code",
   "execution_count": 4,
   "metadata": {
    "collapsed": false
   },
   "outputs": [
    {
     "data": {
      "text/plain": [
       "LogisticRegression(C=1.0, class_weight=None, dual=False, fit_intercept=True,\n",
       "          intercept_scaling=1, max_iter=100, multi_class='ovr', n_jobs=1,\n",
       "          penalty='l2', random_state=None, solver='liblinear', tol=0.0001,\n",
       "          verbose=0, warm_start=False)"
      ]
     },
     "execution_count": 4,
     "metadata": {},
     "output_type": "execute_result"
    }
   ],
   "source": [
    "#fit - fit the model according to the given training data\n",
    "m.fit(iris.data,iris.target)"
   ]
  },
  {
   "cell_type": "code",
   "execution_count": 5,
   "metadata": {
    "collapsed": false
   },
   "outputs": [
    {
     "data": {
      "text/plain": [
       "array([[  4.12377083e+00,  -1.86101702e+00,  -1.13225953e+01],\n",
       "       [  3.31012447e+00,  -1.14392836e+00,  -1.02139561e+01],\n",
       "       [  3.74560040e+00,  -1.60518870e+00,  -1.04264019e+01],\n",
       "       [  3.10554360e+00,  -1.37123782e+00,  -9.60802820e+00],\n",
       "       [  4.22840174e+00,  -2.06276430e+00,  -1.13052696e+01],\n",
       "       [  3.94832492e+00,  -2.48016878e+00,  -1.11961922e+01],\n",
       "       [  3.66723742e+00,  -2.04780738e+00,  -1.00598677e+01],\n",
       "       [  3.70992814e+00,  -1.68483190e+00,  -1.07513188e+01],\n",
       "       [  2.95650057e+00,  -1.19216488e+00,  -9.20676667e+00],\n",
       "       [  3.33294961e+00,  -1.10769207e+00,  -1.03758240e+01],\n",
       "       [  4.31431269e+00,  -1.99842598e+00,  -1.18946093e+01],\n",
       "       [  3.40071636e+00,  -1.71039408e+00,  -1.01627166e+01],\n",
       "       [  3.37153515e+00,  -1.04703849e+00,  -1.02987418e+01],\n",
       "       [  3.84268334e+00,  -1.42865562e+00,  -1.01862707e+01],\n",
       "       [  5.59733959e+00,  -2.48531735e+00,  -1.37791914e+01],\n",
       "       [  5.25589834e+00,  -3.27112499e+00,  -1.29697783e+01],\n",
       "       [  4.85318139e+00,  -2.71123183e+00,  -1.21845809e+01],\n",
       "       [  4.02086132e+00,  -1.99957086e+00,  -1.10670571e+01],\n",
       "       [  4.02960118e+00,  -2.05653971e+00,  -1.18105612e+01],\n",
       "       [  4.23303642e+00,  -2.42205505e+00,  -1.12802404e+01],\n",
       "       [  3.42349524e+00,  -1.40264450e+00,  -1.09401345e+01],\n",
       "       [  3.98399717e+00,  -2.40052557e+00,  -1.08712754e+01],\n",
       "       [  4.96726288e+00,  -2.46048323e+00,  -1.16106482e+01],\n",
       "       [  2.84414047e+00,  -1.78321462e+00,  -9.50783547e+00],\n",
       "       [  2.72207401e+00,  -1.53709679e+00,  -9.42142506e+00],\n",
       "       [  2.89919507e+00,  -9.86732865e-01,  -9.89051426e+00],\n",
       "       [  3.27789501e+00,  -1.90417383e+00,  -9.99314517e+00],\n",
       "       [  3.93905555e+00,  -1.76158728e+00,  -1.12462506e+01],\n",
       "       [  4.01913993e+00,  -1.65926973e+00,  -1.13399210e+01],\n",
       "       [  3.06695805e+00,  -1.43189141e+00,  -9.68511038e+00],\n",
       "       [  2.96232714e+00,  -1.23014412e+00,  -9.70243606e+00],\n",
       "       [  3.67010446e+00,  -1.79528371e+00,  -1.09232524e+01],\n",
       "       [  4.91874349e+00,  -2.58353335e+00,  -1.24223498e+01],\n",
       "       [  5.31267434e+00,  -2.81494437e+00,  -1.30795932e+01],\n",
       "       [  3.33294961e+00,  -1.10769207e+00,  -1.03758240e+01],\n",
       "       [  4.09631102e+00,  -1.53796255e+00,  -1.11857566e+01],\n",
       "       [  4.51598028e+00,  -1.75212690e+00,  -1.22527025e+01],\n",
       "       [  3.33294961e+00,  -1.10769207e+00,  -1.03758240e+01],\n",
       "       [  3.32884443e+00,  -1.41001397e+00,  -9.60729067e+00],\n",
       "       [  3.75142698e+00,  -1.64316793e+00,  -1.09220713e+01],\n",
       "       [  4.20557661e+00,  -2.09900059e+00,  -1.11434017e+01],\n",
       "       [  2.24452558e+00,  -3.86320610e-01,  -8.44851713e+00],\n",
       "       [  3.62110391e+00,  -1.73018060e+00,  -9.91414434e+00],\n",
       "       [  3.21820573e+00,  -2.34136483e+00,  -9.63549558e+00],\n",
       "       [  3.22527044e+00,  -2.32954584e+00,  -1.00363135e+01],\n",
       "       [  3.16571613e+00,  -1.32414617e+00,  -9.78766535e+00],\n",
       "       [  4.10973182e+00,  -2.22573544e+00,  -1.12886814e+01],\n",
       "       [  3.47788745e+00,  -1.58908690e+00,  -1.00085522e+01],\n",
       "       [  4.27281386e+00,  -2.04008995e+00,  -1.17238568e+01],\n",
       "       [  3.79001252e+00,  -1.58251435e+00,  -1.08449891e+01],\n",
       "       [ -4.22612056e+00,  -3.45527597e-01,  -2.88594749e+00],\n",
       "       [ -4.12559483e+00,  -8.49596777e-01,  -2.10008852e+00],\n",
       "       [ -4.96908688e+00,  -2.50130564e-01,  -1.81203559e+00],\n",
       "       [ -4.47736237e+00,   2.04456245e-01,  -9.29036636e-01],\n",
       "       [ -4.89482907e+00,  -1.09833771e-01,  -1.41003653e+00],\n",
       "       [ -4.79478660e+00,  -2.23803597e-01,  -8.02189996e-01],\n",
       "       [ -4.57630167e+00,  -1.07436638e+00,  -1.33303029e+00],\n",
       "       [ -2.68799827e+00,  -1.94309697e-01,  -2.55424319e+00],\n",
       "       [ -4.50138148e+00,   4.88545647e-02,  -2.24529230e+00],\n",
       "       [ -3.89403531e+00,  -7.57188541e-01,  -1.02204538e+00],\n",
       "       [ -3.68344663e+00,   6.03219072e-01,  -1.61709403e+00],\n",
       "       [ -3.94670612e+00,  -9.11047271e-01,  -1.68076378e+00],\n",
       "       [ -4.10726942e+00,   9.88520934e-01,  -2.39598701e+00],\n",
       "       [ -5.03799927e+00,  -2.40253358e-01,  -8.88894345e-01],\n",
       "       [ -2.65422863e+00,  -9.45442750e-01,  -3.00873883e+00],\n",
       "       [ -3.81810445e+00,  -4.83733472e-01,  -2.96155461e+00],\n",
       "       [ -4.74984497e+00,  -8.62741888e-01,  -4.27214727e-01],\n",
       "       [ -3.68583250e+00,   1.62542168e-01,  -2.57451898e+00],\n",
       "       [ -5.66988989e+00,   6.67908472e-01,  -2.24315147e-01],\n",
       "       [ -3.71157092e+00,   1.45295499e-01,  -2.16481641e+00],\n",
       "       [ -5.32045988e+00,  -1.30028086e+00,   2.61580197e-01],\n",
       "       [ -3.49772068e+00,  -3.45976537e-01,  -2.72068590e+00],\n",
       "       [ -6.09485831e+00,   4.60385536e-01,   1.33040508e-01],\n",
       "       [ -4.97830999e+00,   1.96937646e-01,  -1.24654393e+00],\n",
       "       [ -3.90573680e+00,  -2.07770661e-01,  -2.64507877e+00],\n",
       "       [ -4.00573302e+00,  -3.65314122e-01,  -2.63737526e+00],\n",
       "       [ -5.11985130e+00,   2.69243503e-01,  -1.68363795e+00],\n",
       "       [ -5.63024742e+00,  -3.92717105e-01,  -5.58930133e-01],\n",
       "       [ -4.72997938e+00,  -5.36002695e-01,  -9.56797954e-01],\n",
       "       [ -2.51617637e+00,  -6.56330597e-02,  -3.73292264e+00],\n",
       "       [ -3.67298538e+00,   2.05949086e-01,  -2.08773423e+00],\n",
       "       [ -3.34386175e+00,   2.86737166e-01,  -2.59036961e+00],\n",
       "       [ -3.43922329e+00,  -2.30097044e-01,  -2.55763690e+00],\n",
       "       [ -6.48243308e+00,  -7.79532384e-03,   1.08817693e+00],\n",
       "       [ -4.83284264e+00,  -9.46069825e-01,  -8.57096957e-02],\n",
       "       [ -4.10224020e+00,  -1.47497313e+00,  -1.46839391e+00],\n",
       "       [ -4.59965631e+00,  -4.48990027e-01,  -1.96472489e+00],\n",
       "       [ -5.05022818e+00,   7.68831044e-01,  -1.30666809e+00],\n",
       "       [ -3.63916948e+00,  -8.16697254e-01,  -1.92667982e+00],\n",
       "       [ -4.18510289e+00,  -1.15710393e-01,  -1.23589030e+00],\n",
       "       [ -4.84092011e+00,   9.38231833e-02,  -6.56466677e-01],\n",
       "       [ -4.66565542e+00,  -4.58102439e-01,  -1.28941835e+00],\n",
       "       [ -3.81156715e+00,  -1.22479625e-02,  -2.15711290e+00],\n",
       "       [ -2.79262918e+00,   7.43759025e-03,  -2.57156887e+00],\n",
       "       [ -4.30377282e+00,  -2.78681535e-01,  -1.21930215e+00],\n",
       "       [ -3.72097526e+00,  -5.78713679e-01,  -2.10587338e+00],\n",
       "       [ -3.97001451e+00,  -5.57184204e-01,  -1.69690833e+00],\n",
       "       [ -3.98873446e+00,  -2.91098598e-01,  -2.30357374e+00],\n",
       "       [ -1.88313803e+00,  -5.82916210e-01,  -3.53492835e+00],\n",
       "       [ -3.88993013e+00,  -4.54866648e-01,  -1.79057867e+00],\n",
       "       [ -8.44327079e+00,  -1.57039605e+00,   4.17907680e+00],\n",
       "       [ -6.87415927e+00,  -5.06784790e-01,   2.19629660e+00],\n",
       "       [ -7.91181719e+00,  -2.60384737e-01,   2.00408716e+00],\n",
       "       [ -7.40256671e+00,  -1.91248927e-01,   2.01562798e+00],\n",
       "       [ -8.03750558e+00,  -7.06688154e-01,   3.03704330e+00],\n",
       "       [ -9.28782185e+00,   3.52295446e-01,   2.88000476e+00],\n",
       "       [ -5.97680452e+00,  -6.31080761e-01,   2.04626347e+00],\n",
       "       [ -8.57107720e+00,   6.29751099e-01,   2.03778301e+00],\n",
       "       [ -8.27351857e+00,   7.31271747e-01,   2.44051959e+00],\n",
       "       [ -7.85760620e+00,  -1.61790452e+00,   2.42912083e+00],\n",
       "       [ -5.95592826e+00,  -1.15410745e+00,   4.89433032e-01],\n",
       "       [ -7.07759451e+00,  -1.41269452e-01,   1.66597584e+00],\n",
       "       [ -7.13145722e+00,  -6.16439694e-01,   1.52795604e+00],\n",
       "       [ -7.08461297e+00,  -4.24601727e-01,   2.68234382e+00],\n",
       "       [ -7.24257708e+00,  -1.35963732e+00,   3.32056082e+00],\n",
       "       [ -6.75858385e+00,  -1.49590142e+00,   1.92099452e+00],\n",
       "       [ -6.94722519e+00,  -3.25770071e-01,   1.27359895e+00],\n",
       "       [ -8.40640873e+00,  -9.67495213e-01,   1.98447296e+00],\n",
       "       [ -1.07153033e+01,   9.30482292e-01,   4.57532751e+00],\n",
       "       [ -6.88395814e+00,   8.73409349e-01,   1.35267572e+00],\n",
       "       [ -7.45594616e+00,  -1.05651852e+00,   2.05562061e+00],\n",
       "       [ -6.46150847e+00,  -1.00428141e+00,   2.14571867e+00],\n",
       "       [ -9.66188710e+00,   9.10445658e-01,   3.00766487e+00],\n",
       "       [ -6.11132736e+00,  -2.75442630e-01,   5.92801474e-01],\n",
       "       [ -7.18699507e+00,  -1.02282209e+00,   1.73262239e+00],\n",
       "       [ -7.49554447e+00,  -6.54601137e-02,   1.00696351e+00],\n",
       "       [ -5.78048234e+00,  -5.34955680e-01,   3.63029987e-01],\n",
       "       [ -5.75593581e+00,  -8.39020522e-01,   4.74026003e-01],\n",
       "       [ -7.81592614e+00,  -4.05163168e-01,   2.76491694e+00],\n",
       "       [ -7.12955669e+00,   4.16282683e-01,   3.08546424e-01],\n",
       "       [ -8.32618938e+00,   5.77413018e-01,   1.78180120e+00],\n",
       "       [ -7.43894969e+00,  -7.80356879e-01,   3.90599998e-01],\n",
       "       [ -7.91883565e+00,  -5.43717011e-01,   3.02045515e+00],\n",
       "       [ -6.10889733e+00,   9.56671062e-02,   1.66954342e-01],\n",
       "       [ -7.51231555e+00,   7.59888463e-01,   1.79526067e+00],\n",
       "       [ -8.32107145e+00,  -1.71977085e-01,   1.98484283e+00],\n",
       "       [ -7.28937507e+00,  -1.82298858e+00,   2.78172308e+00],\n",
       "       [ -6.84259428e+00,  -5.27517358e-01,   1.29092463e+00],\n",
       "       [ -5.57122053e+00,  -9.38450254e-01,   3.97681350e-01],\n",
       "       [ -6.71761453e+00,  -7.92624807e-01,   9.56679520e-01],\n",
       "       [ -7.56176896e+00,  -1.17608275e+00,   2.55899352e+00],\n",
       "       [ -6.24479119e+00,  -1.24302978e+00,   7.26464438e-01],\n",
       "       [ -6.87415927e+00,  -5.06784790e-01,   2.19629660e+00],\n",
       "       [ -7.94987323e+00,  -9.82650965e-01,   2.72056746e+00],\n",
       "       [ -7.59863311e+00,  -1.57703746e+00,   2.75477523e+00],\n",
       "       [ -6.70013272e+00,  -1.10850864e+00,   1.46849347e+00],\n",
       "       [ -6.73271047e+00,  -3.60640726e-02,   1.40229052e+00],\n",
       "       [ -6.47440185e+00,  -7.76175045e-01,   1.04338387e+00],\n",
       "       [ -6.77553616e+00,  -1.84163023e+00,   2.20274305e+00],\n",
       "       [ -6.29136171e+00,  -8.06816934e-01,   1.30972537e+00]])"
      ]
     },
     "execution_count": 5,
     "metadata": {},
     "output_type": "execute_result"
    }
   ],
   "source": [
    "#decision_function - to predict confidence scores (signed distance of that sample to the hyperplane) for examples.\n",
    "m.decision_function(iris.data)"
   ]
  },
  {
   "cell_type": "code",
   "execution_count": 7,
   "metadata": {
    "collapsed": false
   },
   "outputs": [
    {
     "data": {
      "text/plain": [
       "{'C': 1.0,\n",
       " 'class_weight': None,\n",
       " 'dual': False,\n",
       " 'fit_intercept': True,\n",
       " 'intercept_scaling': 1,\n",
       " 'max_iter': 100,\n",
       " 'multi_class': 'ovr',\n",
       " 'n_jobs': 1,\n",
       " 'penalty': 'l2',\n",
       " 'random_state': None,\n",
       " 'solver': 'liblinear',\n",
       " 'tol': 0.0001,\n",
       " 'verbose': 0,\n",
       " 'warm_start': False}"
      ]
     },
     "execution_count": 7,
     "metadata": {},
     "output_type": "execute_result"
    }
   ],
   "source": [
    "#listing the parameters\n",
    "m.get_params()"
   ]
  },
  {
   "cell_type": "code",
   "execution_count": 10,
   "metadata": {
    "collapsed": false
   },
   "outputs": [
    {
     "name": "stderr",
     "output_type": "stream",
     "text": [
      "C:\\Users\\priyu\\Anaconda3\\lib\\site-packages\\sklearn\\utils\\deprecation.py:70: DeprecationWarning: Function transform is deprecated; Support to use estimators as feature selectors will be removed in version 0.19. Use SelectFromModel instead.\n",
      "  warnings.warn(msg, category=DeprecationWarning)\n"
     ]
    },
    {
     "data": {
      "text/plain": [
       "array([[ 3.5,  1.4,  0.2],\n",
       "       [ 3. ,  1.4,  0.2],\n",
       "       [ 3.2,  1.3,  0.2],\n",
       "       [ 3.1,  1.5,  0.2],\n",
       "       [ 3.6,  1.4,  0.2],\n",
       "       [ 3.9,  1.7,  0.4],\n",
       "       [ 3.4,  1.4,  0.3],\n",
       "       [ 3.4,  1.5,  0.2],\n",
       "       [ 2.9,  1.4,  0.2],\n",
       "       [ 3.1,  1.5,  0.1],\n",
       "       [ 3.7,  1.5,  0.2],\n",
       "       [ 3.4,  1.6,  0.2],\n",
       "       [ 3. ,  1.4,  0.1],\n",
       "       [ 3. ,  1.1,  0.1],\n",
       "       [ 4. ,  1.2,  0.2],\n",
       "       [ 4.4,  1.5,  0.4],\n",
       "       [ 3.9,  1.3,  0.4],\n",
       "       [ 3.5,  1.4,  0.3],\n",
       "       [ 3.8,  1.7,  0.3],\n",
       "       [ 3.8,  1.5,  0.3],\n",
       "       [ 3.4,  1.7,  0.2],\n",
       "       [ 3.7,  1.5,  0.4],\n",
       "       [ 3.6,  1. ,  0.2],\n",
       "       [ 3.3,  1.7,  0.5],\n",
       "       [ 3.4,  1.9,  0.2],\n",
       "       [ 3. ,  1.6,  0.2],\n",
       "       [ 3.4,  1.6,  0.4],\n",
       "       [ 3.5,  1.5,  0.2],\n",
       "       [ 3.4,  1.4,  0.2],\n",
       "       [ 3.2,  1.6,  0.2],\n",
       "       [ 3.1,  1.6,  0.2],\n",
       "       [ 3.4,  1.5,  0.4],\n",
       "       [ 4.1,  1.5,  0.1],\n",
       "       [ 4.2,  1.4,  0.2],\n",
       "       [ 3.1,  1.5,  0.1],\n",
       "       [ 3.2,  1.2,  0.2],\n",
       "       [ 3.5,  1.3,  0.2],\n",
       "       [ 3.1,  1.5,  0.1],\n",
       "       [ 3. ,  1.3,  0.2],\n",
       "       [ 3.4,  1.5,  0.2],\n",
       "       [ 3.5,  1.3,  0.3],\n",
       "       [ 2.3,  1.3,  0.3],\n",
       "       [ 3.2,  1.3,  0.2],\n",
       "       [ 3.5,  1.6,  0.6],\n",
       "       [ 3.8,  1.9,  0.4],\n",
       "       [ 3. ,  1.4,  0.3],\n",
       "       [ 3.8,  1.6,  0.2],\n",
       "       [ 3.2,  1.4,  0.2],\n",
       "       [ 3.7,  1.5,  0.2],\n",
       "       [ 3.3,  1.4,  0.2],\n",
       "       [ 3.2,  4.7,  1.4],\n",
       "       [ 3.2,  4.5,  1.5],\n",
       "       [ 3.1,  4.9,  1.5],\n",
       "       [ 2.3,  4. ,  1.3],\n",
       "       [ 2.8,  4.6,  1.5],\n",
       "       [ 2.8,  4.5,  1.3],\n",
       "       [ 3.3,  4.7,  1.6],\n",
       "       [ 2.4,  3.3,  1. ],\n",
       "       [ 2.9,  4.6,  1.3],\n",
       "       [ 2.7,  3.9,  1.4],\n",
       "       [ 2. ,  3.5,  1. ],\n",
       "       [ 3. ,  4.2,  1.5],\n",
       "       [ 2.2,  4. ,  1. ],\n",
       "       [ 2.9,  4.7,  1.4],\n",
       "       [ 2.9,  3.6,  1.3],\n",
       "       [ 3.1,  4.4,  1.4],\n",
       "       [ 3. ,  4.5,  1.5],\n",
       "       [ 2.7,  4.1,  1. ],\n",
       "       [ 2.2,  4.5,  1.5],\n",
       "       [ 2.5,  3.9,  1.1],\n",
       "       [ 3.2,  4.8,  1.8],\n",
       "       [ 2.8,  4. ,  1.3],\n",
       "       [ 2.5,  4.9,  1.5],\n",
       "       [ 2.8,  4.7,  1.2],\n",
       "       [ 2.9,  4.3,  1.3],\n",
       "       [ 3. ,  4.4,  1.4],\n",
       "       [ 2.8,  4.8,  1.4],\n",
       "       [ 3. ,  5. ,  1.7],\n",
       "       [ 2.9,  4.5,  1.5],\n",
       "       [ 2.6,  3.5,  1. ],\n",
       "       [ 2.4,  3.8,  1.1],\n",
       "       [ 2.4,  3.7,  1. ],\n",
       "       [ 2.7,  3.9,  1.2],\n",
       "       [ 2.7,  5.1,  1.6],\n",
       "       [ 3. ,  4.5,  1.5],\n",
       "       [ 3.4,  4.5,  1.6],\n",
       "       [ 3.1,  4.7,  1.5],\n",
       "       [ 2.3,  4.4,  1.3],\n",
       "       [ 3. ,  4.1,  1.3],\n",
       "       [ 2.5,  4. ,  1.3],\n",
       "       [ 2.6,  4.4,  1.2],\n",
       "       [ 3. ,  4.6,  1.4],\n",
       "       [ 2.6,  4. ,  1.2],\n",
       "       [ 2.3,  3.3,  1. ],\n",
       "       [ 2.7,  4.2,  1.3],\n",
       "       [ 3. ,  4.2,  1.2],\n",
       "       [ 2.9,  4.2,  1.3],\n",
       "       [ 2.9,  4.3,  1.3],\n",
       "       [ 2.5,  3. ,  1.1],\n",
       "       [ 2.8,  4.1,  1.3],\n",
       "       [ 3.3,  6. ,  2.5],\n",
       "       [ 2.7,  5.1,  1.9],\n",
       "       [ 3. ,  5.9,  2.1],\n",
       "       [ 2.9,  5.6,  1.8],\n",
       "       [ 3. ,  5.8,  2.2],\n",
       "       [ 3. ,  6.6,  2.1],\n",
       "       [ 2.5,  4.5,  1.7],\n",
       "       [ 2.9,  6.3,  1.8],\n",
       "       [ 2.5,  5.8,  1.8],\n",
       "       [ 3.6,  6.1,  2.5],\n",
       "       [ 3.2,  5.1,  2. ],\n",
       "       [ 2.7,  5.3,  1.9],\n",
       "       [ 3. ,  5.5,  2.1],\n",
       "       [ 2.5,  5. ,  2. ],\n",
       "       [ 2.8,  5.1,  2.4],\n",
       "       [ 3.2,  5.3,  2.3],\n",
       "       [ 3. ,  5.5,  1.8],\n",
       "       [ 3.8,  6.7,  2.2],\n",
       "       [ 2.6,  6.9,  2.3],\n",
       "       [ 2.2,  5. ,  1.5],\n",
       "       [ 3.2,  5.7,  2.3],\n",
       "       [ 2.8,  4.9,  2. ],\n",
       "       [ 2.8,  6.7,  2. ],\n",
       "       [ 2.7,  4.9,  1.8],\n",
       "       [ 3.3,  5.7,  2.1],\n",
       "       [ 3.2,  6. ,  1.8],\n",
       "       [ 2.8,  4.8,  1.8],\n",
       "       [ 3. ,  4.9,  1.8],\n",
       "       [ 2.8,  5.6,  2.1],\n",
       "       [ 3. ,  5.8,  1.6],\n",
       "       [ 2.8,  6.1,  1.9],\n",
       "       [ 3.8,  6.4,  2. ],\n",
       "       [ 2.8,  5.6,  2.2],\n",
       "       [ 2.8,  5.1,  1.5],\n",
       "       [ 2.6,  5.6,  1.4],\n",
       "       [ 3. ,  6.1,  2.3],\n",
       "       [ 3.4,  5.6,  2.4],\n",
       "       [ 3.1,  5.5,  1.8],\n",
       "       [ 3. ,  4.8,  1.8],\n",
       "       [ 3.1,  5.4,  2.1],\n",
       "       [ 3.1,  5.6,  2.4],\n",
       "       [ 3.1,  5.1,  2.3],\n",
       "       [ 2.7,  5.1,  1.9],\n",
       "       [ 3.2,  5.9,  2.3],\n",
       "       [ 3.3,  5.7,  2.5],\n",
       "       [ 3. ,  5.2,  2.3],\n",
       "       [ 2.5,  5. ,  1.9],\n",
       "       [ 3. ,  5.2,  2. ],\n",
       "       [ 3.4,  5.4,  2.3],\n",
       "       [ 3. ,  5.1,  1.8]])"
      ]
     },
     "execution_count": 10,
     "metadata": {},
     "output_type": "execute_result"
    }
   ],
   "source": [
    "#fitting the data and transforming the result\n",
    "m.fit_transform(iris.data,iris.target)"
   ]
  },
  {
   "cell_type": "code",
   "execution_count": 11,
   "metadata": {
    "collapsed": false
   },
   "outputs": [
    {
     "data": {
      "text/plain": [
       "array([0, 0, 0, 0, 0, 0, 0, 0, 0, 0, 0, 0, 0, 0, 0, 0, 0, 0, 0, 0, 0, 0, 0,\n",
       "       0, 0, 0, 0, 0, 0, 0, 0, 0, 0, 0, 0, 0, 0, 0, 0, 0, 0, 0, 0, 0, 0, 0,\n",
       "       0, 0, 0, 0, 1, 1, 1, 1, 1, 1, 1, 1, 1, 1, 1, 1, 1, 1, 1, 1, 2, 1, 1,\n",
       "       1, 2, 1, 1, 1, 1, 1, 1, 1, 1, 1, 1, 1, 1, 2, 2, 2, 1, 1, 1, 1, 1, 1,\n",
       "       1, 1, 1, 1, 1, 1, 1, 1, 2, 2, 2, 2, 2, 2, 2, 2, 2, 2, 2, 2, 2, 2, 2,\n",
       "       2, 2, 2, 2, 2, 2, 2, 2, 2, 2, 2, 2, 2, 2, 1, 2, 2, 2, 2, 2, 2, 2, 2,\n",
       "       2, 2, 2, 2, 2, 2, 2, 2, 2, 2, 2, 2])"
      ]
     },
     "execution_count": 11,
     "metadata": {},
     "output_type": "execute_result"
    }
   ],
   "source": [
    "#predict - in the output below, 0-Setosa, 1-Versicolour, 2-Virginica\n",
    "m.predict(iris.data)"
   ]
  },
  {
   "cell_type": "code",
   "execution_count": 12,
   "metadata": {
    "collapsed": false
   },
   "outputs": [
    {
     "data": {
      "text/plain": [
       "array([[  8.79681649e-01,   1.20307538e-01,   1.08131372e-05],\n",
       "       [  7.99706325e-01,   2.00263292e-01,   3.03825365e-05],\n",
       "       [  8.53796795e-01,   1.46177302e-01,   2.59031285e-05],\n",
       "       [  8.25383127e-01,   1.74558937e-01,   5.79356669e-05],\n",
       "       [  8.97323628e-01,   1.02665167e-01,   1.12050036e-05],\n",
       "       [  9.26986574e-01,   7.30004562e-02,   1.29693872e-05],\n",
       "       [  8.95064974e-01,   1.04895775e-01,   3.92506205e-05],\n",
       "       [  8.61839691e-01,   1.38141399e-01,   1.89095833e-05],\n",
       "       [  8.03156719e-01,   1.96758495e-01,   8.47861140e-05],\n",
       "       [  7.95421554e-01,   2.04552763e-01,   2.56832240e-05],\n",
       "       [  8.92083069e-01,   1.07910759e-01,   6.17176870e-06],\n",
       "       [  8.63364991e-01,   1.36600589e-01,   3.44201798e-05],\n",
       "       [  7.88177618e-01,   2.11794929e-01,   2.74526810e-05],\n",
       "       [  8.35079702e-01,   1.64888155e-01,   3.21426418e-05],\n",
       "       [  9.28349898e-01,   7.16491356e-02,   9.66254924e-07],\n",
       "       [  9.64535656e-01,   3.54620850e-02,   2.25877936e-06],\n",
       "       [  9.40906153e-01,   5.90890027e-02,   4.84421830e-06],\n",
       "       [  8.91740161e-01,   1.08245661e-01,   1.41772124e-05],\n",
       "       [  8.96525617e-01,   1.03467608e-01,   6.77567332e-06],\n",
       "       [  9.23615524e-01,   7.63726510e-02,   1.18248373e-05],\n",
       "       [  8.30668332e-01,   1.69316458e-01,   1.52093733e-05],\n",
       "       [  9.21914602e-01,   7.80675598e-02,   1.78384021e-05],\n",
       "       [  9.26584671e-01,   7.34068679e-02,   8.46162713e-06],\n",
       "       [  8.67785629e-01,   1.32146178e-01,   6.81931916e-05],\n",
       "       [  8.41271506e-01,   1.58655904e-01,   7.25903122e-05],\n",
       "       [  7.77263282e-01,   2.22695181e-01,   4.15365716e-05],\n",
       "       [  8.81389224e-01,   1.18568969e-01,   4.18075826e-05],\n",
       "       [  8.69974782e-01,   1.30013638e-01,   1.15794893e-05],\n",
       "       [  8.60034106e-01,   1.39955486e-01,   1.04082979e-05],\n",
       "       [  8.32052869e-01,   1.67892968e-01,   5.41625519e-05],\n",
       "       [  8.07811588e-01,   1.92136477e-01,   5.19350231e-05],\n",
       "       [  8.72544939e-01,   1.27438925e-01,   1.61360155e-05],\n",
       "       [  9.33948477e-01,   6.60477336e-02,   3.78900866e-06],\n",
       "       [  9.46250501e-01,   5.37475145e-02,   1.98493064e-06],\n",
       "       [  7.95421554e-01,   2.04552763e-01,   2.56832240e-05],\n",
       "       [  8.47610513e-01,   1.52377535e-01,   1.19520539e-05],\n",
       "       [  8.70019435e-01,   1.29976367e-01,   4.19728170e-06],\n",
       "       [  7.95421554e-01,   2.04552763e-01,   2.56832240e-05],\n",
       "       [  8.31024910e-01,   1.68917216e-01,   5.78737851e-05],\n",
       "       [  8.57737250e-01,   1.42246900e-01,   1.58501104e-05],\n",
       "       [  9.00222082e-01,   9.97646975e-02,   1.32206853e-05],\n",
       "       [  6.90741687e-01,   3.09094698e-01,   1.63615590e-04],\n",
       "       [  8.66068303e-01,   1.33887708e-01,   4.39884356e-05],\n",
       "       [  9.16308833e-01,   8.36288777e-02,   6.22895883e-05],\n",
       "       [  9.15519114e-01,   8.44392129e-02,   4.16734713e-05],\n",
       "       [  8.20309627e-01,   1.79642381e-01,   4.79919885e-05],\n",
       "       [  9.09855663e-01,   9.01327650e-02,   1.15724381e-05],\n",
       "       [  8.51214451e-01,   1.48746052e-01,   3.94971199e-05],\n",
       "       [  8.95519736e-01,   1.04472911e-01,   7.35323849e-06],\n",
       "       [  8.51563342e-01,   1.48419676e-01,   1.69821772e-05],\n",
       "       [  2.98900777e-02,   8.60393138e-01,   1.09716785e-01],\n",
       "       [  3.74487166e-02,   7.05572459e-01,   2.56978825e-01],\n",
       "       [  1.17957675e-02,   7.48252356e-01,   2.39951876e-01],\n",
       "       [  1.32920493e-02,   6.51770445e-01,   3.34937506e-01],\n",
       "       [  1.09868088e-02,   6.98832091e-01,   2.90181101e-01],\n",
       "       [  1.07669519e-02,   5.83013186e-01,   4.06219862e-01],\n",
       "       [  2.15200540e-02,   5.37732882e-01,   4.40747064e-01],\n",
       "       [  1.08418544e-01,   7.68766189e-01,   1.22815267e-01],\n",
       "       [  1.77270021e-02,   8.27562690e-01,   1.54710308e-01],\n",
       "       [  3.30493839e-02,   5.28708770e-01,   4.38241846e-01],\n",
       "       [  2.93117962e-02,   7.72717609e-01,   1.97970595e-01],\n",
       "       [  4.09569813e-02,   6.19765980e-01,   3.39277039e-01],\n",
       "       [  1.95378252e-02,   8.79697992e-01,   1.00764183e-01],\n",
       "       [  8.73285529e-03,   5.96503817e-01,   3.94763328e-01],\n",
       "       [  1.67434866e-01,   7.12756209e-01,   1.19808925e-01],\n",
       "       [  4.75535678e-02,   8.43626581e-01,   1.08819852e-01],\n",
       "       [  1.22530319e-02,   4.23869480e-01,   5.63877488e-01],\n",
       "       [  3.84753639e-02,   8.50175432e-01,   1.11349204e-01],\n",
       "       [  3.09968794e-03,   5.96264678e-01,   4.00635634e-01],\n",
       "       [  3.59781700e-02,   8.08752206e-01,   1.55269624e-01],\n",
       "       [  6.20745751e-03,   2.73106189e-01,   7.20686354e-01],\n",
       "       [  5.81151228e-02,   8.19701311e-01,   1.22183566e-01],\n",
       "       [  1.95840574e-03,   5.33800891e-01,   4.64240703e-01],\n",
       "       [  8.77628703e-03,   7.04654010e-01,   2.86569703e-01],\n",
       "       [  3.69274341e-02,   8.38990091e-01,   1.24082475e-01],\n",
       "       [  3.61807169e-02,   8.28744840e-01,   1.35074443e-01],\n",
       "       [  8.14489700e-03,   7.77156946e-01,   2.14698157e-01],\n",
       "       [  4.64006697e-03,   5.23164549e-01,   4.72195384e-01],\n",
       "       [  1.33500103e-02,   5.63205976e-01,   4.23444014e-01],\n",
       "       [  1.28473017e-01,   8.31361691e-01,   4.01652917e-02],\n",
       "       [  3.60902230e-02,   8.03217466e-01,   1.60692311e-01],\n",
       "       [  5.05096042e-02,   8.46149445e-01,   1.03340951e-01],\n",
       "       [  5.69724571e-02,   8.11250984e-01,   1.31776559e-01],\n",
       "       [  1.22453086e-03,   3.99201919e-01,   5.99573550e-01],\n",
       "       [  1.03123407e-02,   3.65034695e-01,   6.24652965e-01],\n",
       "       [  4.17476538e-02,   4.77844283e-01,   4.80408063e-01],\n",
       "       [  1.90525287e-02,   7.45629538e-01,   2.35317933e-01],\n",
       "       [  7.05352060e-03,   7.56932682e-01,   2.36013798e-01],\n",
       "       [  5.57541864e-02,   6.67410837e-01,   2.76834977e-01],\n",
       "       [  2.10790319e-02,   6.62362244e-01,   3.16558724e-01],\n",
       "       [  8.98003281e-03,   5.99716389e-01,   3.91303578e-01],\n",
       "       [  1.52196906e-02,   6.32329159e-01,   3.52451150e-01],\n",
       "       [  3.47695685e-02,   7.98625645e-01,   1.66604786e-01],\n",
       "       [  9.15416570e-02,   7.95877151e-01,   1.12581192e-01],\n",
       "       [  1.98418694e-02,   6.40871800e-01,   3.39286330e-01],\n",
       "       [  4.81040905e-02,   7.31039981e-01,   2.20855929e-01],\n",
       "       [  3.44565240e-02,   6.77463657e-01,   2.88079819e-01],\n",
       "       [  3.38822929e-02,   7.96899915e-01,   1.69217792e-01],\n",
       "       [  2.54574647e-01,   6.90791330e-01,   5.46340233e-02],\n",
       "       [  3.63488963e-02,   7.04234211e-01,   2.59416893e-01],\n",
       "       [  1.86036022e-04,   1.48760823e-01,   8.51053141e-01],\n",
       "       [  8.09069371e-04,   2.94422745e-01,   7.04768186e-01],\n",
       "       [  2.78126551e-04,   3.30535386e-01,   6.69186488e-01],\n",
       "       [  4.56288643e-04,   3.38732197e-01,   6.60811514e-01],\n",
       "       [  2.51393977e-04,   2.57092194e-01,   7.42656412e-01],\n",
       "       [  6.03186905e-05,   3.82744333e-01,   6.17195349e-01],\n",
       "       [  2.04838186e-03,   2.81103453e-01,   7.16848165e-01],\n",
       "       [  1.23247784e-04,   4.24393655e-01,   5.75483097e-01],\n",
       "       [  1.59929758e-04,   4.23195996e-01,   5.76644074e-01],\n",
       "       [  3.56390886e-04,   1.52542892e-01,   8.47100717e-01],\n",
